32.7545541394,-117.2192298552
32.749209,-117.247924
32.7545541394,-117.2192298552
32.7545541394,-117.2192298552
32.7545541394,-117.2192298552
32.750507,-117.225997
46.3144754,11.0480288
32.866393,-117.219113
32.7545541394,-117.2192298552
32.7545541394,-117.2192298552
32.7545541394,-117.2192298552
32.7545541394,-117.2192298552
32.7545541394,-117.2192298552
32.7545541394,-117.2192298552
32.7664435673,-117.1582985721
32.7545541394,-117.2192298552
32.7545541394,-117.2192298552
46.3144754,11.0480288
32.7545541394,-117.2192298552
32.7545541394,-117.2192298552
32.866393,-117.219113
32.7545541394,-117.2192298552
32.7545541394,-117.2192298552
32.8680237217,-117.2206450967
32.8095855965,-117.1426477547
46.3144754,11.0480288
32.7545541394,-117.2192298552
32.7545541394,-117.2192298552
32.958637407,-117.1924346131
32.958637407,-117.1924346131
46.3144754,11.0480288
32.8095855965,-117.1426477547
32.7545541394,-117.2192298552
32.958637407,-117.1924346131
32.866393,-117.219113
46.3144754,11.0480288
32.8095855965,-117.1426477547
46.3144754,11.0480288
32.958637407,-117.1924346131
32.7545541394,-117.2192298552
32.7545541394,-117.2192298552
32.7545541394,-117.2192298552
46.3144754,11.0480288
32.8095855965,-117.1426477547
32.7545541394,-117.2192298552
32.7545541394,-117.2192298552
46.3144754,11.0480288
32.8095855965,-117.1426477547
46.3144754,11.0480288
32.7664435673,-117.1582985721
46.3144754,11.0480288
32.7545541394,-117.2192298552
32.866393,-117.219113
32.866393,-117.219113
46.3144754,11.0480288
32.7545541394,-117.2192298552
32.7545541394,-117.2192298552
32.7545541394,-117.2192298552
32.7545541394,-117.2192298552
46.3144754,11.0480288
46.3144754,11.0480288
32.7664435673,-117.1582985721
32.7545541394,-117.2192298552
32.7545541394,-117.2192298552
32.866393,-117.219113
32.866393,-117.219113
32.7545541394,-117.2192298552
32.7545541394,-117.2192298552
46.3144754,11.0480288
32.8095855965,-117.1426477547
32.7545541394,-117.2192298552
32.7545541394,-117.2192298552
32.7545541394,-117.2192298552
46.3144754,11.0480288
32.7545541394,-117.2192298552
32.7545541394,-117.2192298552
32.7545541394,-117.2192298552
46.3144754,11.0480288
46.3144754,11.0480288
32.8095855965,-117.1426477547
32.7545541394,-117.2192298552
32.7545541394,-117.2192298552
32.7545541394,-117.2192298552
32.7545541394,-117.2192298552
32.7545541394,-117.2192298552
32.7545541394,-117.2192298552
32.7545541394,-117.2192298552
32.8095855965,-117.1426477547
32.7754169,-117.1467711
32.7545541394,-117.2192298552
32.7545541394,-117.2192298552
32.7545541394,-117.2192298552
32.7545541394,-117.2192298552
32.7545541394,-117.2192298552
32.7545541394,-117.2192298552
32.8095855965,-117.1426477547
32.8095855965,-117.1426477547
32.8095855965,-117.1426477547
32.7664435673,-117.1582985721
46.3144754,11.0480288
46.3144754,11.0480288
46.3144754,11.0480288
46.3144754,11.0480288
46.3144754,11.0480288
32.7545541394,-117.2192298552
32.7545541394,-117.2192298552
32.9136582,-117.2262388
32.9072211671,-117.1669703135
32.9072211671,-117.1669703135
32.8682767251,-117.2237915501
46.3144754,11.0480288
32.8682767251,-117.2237915501
32.7754169,-117.1467711
